58371.206257246187306
58371.206296712873154
58371.20636999157432
58371.20642711484834
58371.20645059186063
58371.206455531959364
58371.20647708253091
58371.206636283983244
58371.206651881693688
58371.2066635903102
58371.206688824284356
58371.20680273128528
58371.206830304130563
58371.20696176666388
58371.206975877881632
58371.207008705729095
58371.20704488735646
58371.207088372000726
58371.207146272616228
58371.20719712197024
58371.207236848960747
58371.207254866239964
58371.207366801027092
58371.207372937562468
58371.207555477594724
58371.207596049498534
58371.2076768331317
58371.207752814727428
58371.207879588509968
58371.207896263083967
58371.20789790481649
58371.207963685912546
58371.20825342925673
58371.20827491741511
58371.20850579591206
58371.208513102508732
58371.20852798235137
58371.208642414763744
58371.208786525792675
58371.208855035241868
58371.208917492775072
58371.20894336213678
58371.208966065685672
58371.209001281677047
58371.209050032870437
58371.20912037445669
58371.209193396789487
58371.209213153488236
58371.20938091314747
58371.209388167735597
58371.209411792726314
58371.20944787086046
58371.209532358087017
58371.209546780177334
58371.209660577296745
58371.209732221759623
58371.209811152206385
58371.20991628018237
58371.209951848439232
58371.210080451710382
58371.210096351249376
58371.210147903060715
58371.210151352606772
58371.210174814550555
58371.2101961899898
58371.21022618704592
58371.210327241104096
58371.21036810133228
58371.21046424614906
58371.21048290629551
58371.210505785573332
58371.210513348625682
58371.210643211605202
58371.210690455780423
58371.210844050860032
58371.210846836132987
58371.210887260072923
58371.21094260042446
58371.210959974538127
58371.211017092056863
58371.211028900135716
58371.211062811285956
58371.211093550460646
58371.211194507610344
58371.211202794103883
58371.211219267599517
58371.21130183828791
58371.211331016565964
58371.21157425220008
58371.21166265488864
58371.211675859791285
58371.211725299435784
58371.21177326318866
58371.211859525719774
58371.211885454438743
58371.211937010921247
58371.21194292006112
58371.21219485623442
58371.2122237875883
58371.212271417825832
58371.21235927996895
58371.212373402304365
58371.21237803346594
58371.212427682286943
58371.212434884160757
58371.212458526468254
58371.212465279793832
58371.21257657600654
58371.212698915041983
58371.212704349061823
58371.212796682943008
58371.21288215561799
58371.21295541937434
58371.21311118164158
58371.21314177984459
58371.21320686713443
58371.213284602483327
58371.213315659726504
58371.21334216016112
58371.21341820757516
58371.21355368807417
58371.213574233326653
58371.213815511619032
58371.214061188249616
58371.214157945258194
58371.21441143865377
58371.214463533920934
58371.214498153043678
58371.21456743242743
58371.21462339478603
58371.214676439922187
58371.21470835983928
58371.214761823997833
58371.214793255079712
58371.214863659602997
58371.214885031120502
58371.21490061361692
58371.214990948603372
58371.215008603445312
58371.21507685083634
58371.215110230819846
58371.21511287548492
58371.21519482894655
58371.21520357886766
58371.21532088006643
58371.21532105123333
58371.215458297774603
58371.215540923789376
58371.21558070719766
58371.215708585150423
58371.21576013522281
58371.215921151495422
58371.21594528354035
58371.21598384733079
58371.215986789698945
58371.216038903672597
58371.216074707583175
58371.2160770061746
58371.216086605592864
58371.216090491427167
58371.216109365297598
58371.21617703319498
58371.216244297800586
58371.21625412292633
58371.216265493458195
58371.216290183561796
58371.216323606829974
58371.216333483775088
58371.216376678661618
58371.21638153859385
58371.21644850082521
58371.216481112787733
58371.216553713595204
58371.216596396872774
58371.216680934114265
58371.21674377663294
58371.21695706886385
58371.21697619558836
58371.217034913424868
58371.217124264643644
58371.217172730866878
58371.217275510978652
58371.217327409540303
58371.217356581815693
58371.217389382734837
58371.217431929217128
58371.21744702772412
58371.217509480993613
58371.217518570148968
58371.217602307369816
58371.217664043921104
58371.217691830155673
58371.217744755223976
58371.217912872896704
58371.217929865568294
58371.217932971972914
58371.217963071532722
58371.218006840659655
58371.21801463560405
58371.218103305109253
58371.218188740203914
58371.21828524932789
58371.21831623523758
58371.218400076199032
58371.21845069531264
58371.218570198128873
58371.2187807740047
58371.21889733637363
58371.218898647872265
58371.21890700510994
58371.219148511067033
58371.219205388704722
58371.219257908851432
58371.219259258425154
58371.219292000918358
58371.219357054447755
58371.219374578060524
58371.219467506925866
58371.21947325234214
58371.219525107226218
58371.219552056289103
58371.219624000426847
58371.219730832635832
58371.219736864004517
58371.219900910677097
58371.21998320061539
58371.21998588761926
58371.219986087453435
58371.22000827557349
58371.220559578177927
58371.220633040182292
58371.220713453818462
58371.220783646203927
58371.220867435877153
58371.220959833030065
58371.22103901887749
58371.221181054897897
58371.221329712301667
58371.22134418386122
58371.22135402730055
58371.221392132880283
58371.221395979067893
58371.221409276309714
58371.221416112319275
58371.22150314180908
58371.221629352556192
58371.221643822042097
58371.221646197249356
58371.221677292087406
58371.2217269330431
58371.221766805567313
58371.221836987657298
58371.221842299484706
58371.221895077404042
58371.22200692208571
58371.222029094227764
58371.22208573248645
58371.22215771816991
58371.22224855544482
58371.22226213713293
58371.222336860198993
58371.222363264052547
58371.22245395846403
58371.222599256354442
58371.222605843293422
58371.22276660258649
58371.222791634289024
58371.223011464033334
58371.223053712215915
58371.223184297559783
58371.223325214814395
58371.223712824423274
58371.223720562076778
58371.223743518130505
58371.223826612753328
58371.223869910747453
58371.223990666017926
58371.22401228923991
58371.224031794241455
58371.224127240173402
58371.22413151427463
58371.224283357601962
58371.224287959870708
58371.224331766694377
58371.224411429160682
58371.224417010198522
58371.224434272669896
58371.224464738617826
58371.22447554370592
58371.224491724242398
58371.224538152215246
58371.22455380145402
58371.2245823460471
58371.224610994991963
58371.224646986556763
58371.224783260273398
58371.224812920765544
58371.224998939382203
58371.225025821724557
58371.225038145646977
58371.225115077548253
58371.225232758872153
58371.225304127241543
58371.22540116363234
58371.22543548855174
58371.22544445384119
58371.225521274005587
58371.22557448644511
58371.225588239620265
58371.225639657801366
58371.225668914732523
58371.22567910611542
58371.22568232098274
58371.22578628393967
58371.225805983835016
58371.225898137789045
58371.22595733853086
58371.22598952428234
58371.22602970427397
58371.226138502453978
58371.226155917982396
58371.22619667039544
58371.226200285316736
58371.226205027000105
58371.226237083530577
58371.226237424423744
58371.22630696347187
58371.22644150796259
58371.226581726376025
58371.226601712492993
58371.226608986296924
58371.226643551701272
58371.226727009605384
58371.226751217378478
58371.226962278255087
58371.227008379581093
58371.22705143262283
58371.22709436238074
58371.227257715647283
58371.227262828455423
58371.227379287738586
58371.227659927259083
58371.227739582565846
58371.227755433566927
58371.227759723529743
58371.22783976943174
58371.227881723818427
58371.22797286540299
58371.22814159214613
58371.228188075954677
58371.228192876318644
58371.228347946213034
58371.228351743746316
58371.22836491950875
58371.228407417955168
58371.228536736212845
58371.22855479035934
58371.228554891778913
58371.22855876848189
58371.22859654304193
58371.228686774171365
58371.228828662067826
58371.228915144340135
58371.228952502955508
58371.22901691597508
58371.229387484469044
58371.22952239753795
58371.22952451364108
58371.229549006398884
58371.229557778111484
58371.22956472993974
58371.22960916860029
58371.229728808400978
58371.22981216054177
58371.229950145148905
58371.230064646777464
58371.230077866348438
58371.230115538055543
58371.230177854115027
58371.230290106672328
58371.230299938710232
58371.23034291363001
58371.230408803196042
58371.230410954129184
58371.23049397271825
58371.230517649550166
58371.230584444623673
58371.230600769275043
58371.230763783903967
58371.2308374971617
58371.23088100594032
58371.230891815866926
58371.230924264302303
58371.230936041800305
58371.23094215268793
58371.230968125979416
58371.231097074189165
58371.231135096117214
58371.23116634086182
58371.231170124417986
58371.231171938336047
58371.231271735887276
58371.231277502753073
58371.231309982700623
58371.23135211087356
58371.231530051489244
58371.231561964275897
58371.23156639215449
58371.23167628092051
58371.23185666819336
58371.231945174622524
58371.231946701525885
58371.231991030792415
58371.232039029709995
58371.23206081139506
58371.232110435987124
58371.23213144003239
58371.23220073430275
58371.232204817031743
58371.232310878105636
58371.2323575358605
58371.23244570942188
58371.232450773590244
58371.232467736939725
58371.23264859244955
58371.232661094443756
58371.232699441003206
58371.232904510419758
58371.232906277560687
58371.232911587409035
58371.232945388619555
58371.232976574232453
58371.23302110399527
58371.233034929384303
58371.233098199889355
58371.23310314166156
58371.233230024634395
58371.23323301113851
58371.23326597612322
58371.233335944656574
58371.233392025336798
58371.233455414927448
58371.23347388671391
58371.233496154782188
58371.233515776832064
58371.233656617048837
58371.233705850332626
58371.233738408795034
58371.233913695221418
58371.233995171947754
58371.23400118327845
58371.234123147347418
58371.234123251873825
58372.202956940185686
58372.20302814579918
58372.203138113603927
58372.203159474694985
58372.2032518327469
58372.20328235669149
58372.20336349811987
58372.203484112753358
58372.20351307902456
58372.203765209866106
58372.203783820557874
58372.20395277863281
58372.20410573011759
58372.204146341020532
58372.204253272946517
58372.204383756725292
58372.204442182308412
58372.20445882770582
58372.204500323336106
58372.204508158407407
58372.20459986286005
58372.204603514015616
58372.204688747166074
58372.20471230532712
58372.204713453436852
58372.204724823503057
58372.20473048650456
58372.204751964702155
58372.20482090234873
58372.20483944335865
58372.20486316937604
58372.204864951192576
58372.204945258650696
58372.20501028587023
58372.205097283091163
58372.205120156810153
58372.20524171501893
58372.205268268058717
58372.20555227157456
58372.205656966078095
58372.205760710741743
58372.20579422443552
58372.205794804394827
58372.205826794808672
58372.20602462286479
58372.206374045046687
58372.206455805862788
58372.206642040742736
58372.2067412090546
58372.20674160859926
58372.206781256194517
58372.2069443934015
58372.20710985797632
58372.207141315448098
58372.20725394188048
58372.20729011399817
58372.207311282516457
58372.20748044922948
58372.20755788180395
58372.20765975413815
58372.207682178333926
58372.207731060167134
58372.207780022952647
58372.20785406581126
58372.207934231628315
58372.20794607167045
58372.207967409565754
58372.208251631214807
58372.208364540194452
58372.2084169423033
58372.208417230918712
58372.208431374550855
58372.208518083360104
58372.208554313678178
58372.20862130362366
58372.208738634057227
58372.20886401314783
58372.20890441883239
58372.208949984560604
58372.20895745370217
58372.20896667589841
58372.209002913805307
58372.20904982844513
58372.20907583058579
58372.209253600085503
58372.209290952348965
58372.20938492481946
58372.209452692914056
58372.209514822417987
58372.209528748069715
58372.209557911293814
58372.20955928278272
58372.209613720871857
58372.20965032735694
58372.20967078893591
58372.20968031539087
58372.2097930567179
58372.20985319574538
58372.20987749912456
58372.209892155959096
58372.209906554489862
58372.20995889767073
58372.20996619790094
58372.209973817407445
58372.21017127174855
58372.210228303578333
58372.21027124660759
58372.210360112010676
58372.21039355335961
58372.210398366005393
58372.21049712756212
58372.21050764136453
58372.210529030191537
58372.210551254735037
58372.21068577915139
58372.210688456929347
58372.210754971274582
58372.210990290921472
58372.210999290880864
58372.211009855003795
58372.21102845321002
58372.21104409880354
58372.211104399531905
58372.211267972335918
58372.211349371769757
58372.211504096150748
58372.21151402642863
58372.211526563456573
58372.21153015807795
58372.211591482737276
58372.211708029237343
58372.211730022878328
58372.21176185220247
58372.21182105452317
58372.211847907827178
58372.211910153069766
58372.211997780344973
58372.212026048153348
58372.212100798518804
58372.212131057451188
58372.21219435516832
58372.212433759901614
58372.21267676520074
58372.212791005847976
58372.21290404415049
58372.212945849751122
58372.212966845247138
58372.212991764092294
58372.21299753679341
58372.21301200988819
58372.213082992951968
58372.213085952054826
58372.213086243951693
58372.213092112629965
58372.21314137033187
58372.213250742977834
58372.213273053486773
58372.213327919511357
58372.213448930051527
58372.213454538759834
58372.213463113381295
58372.21357490250375
58372.213595336324943
58372.213656611173064
58372.213704855421383
58372.213768687193806
58372.21381669840048
58372.213837044415413
58372.21387565907935
58372.213884451739432
58372.213948748227267
58372.213996715305257
58372.21401197087107
58372.214065905594907
58372.21410401452158
58372.214192129853473
58372.214218604531197
58372.214248086689622
58372.214281383239722
58372.214297424601682
58372.21432351470139
58372.214473865300533
58372.214532274105295
58372.21458460024587
58372.214669653352757
58372.214692459187063
58372.214793296850985
58372.214863906803657
58372.214873841192457
58372.214977102143166
58372.215143970992358
58372.215377812841325
58372.21550746570574
58372.215518611497828
58372.215606235302403
58372.215776811455726
58372.215939511414035
58372.215955786996346
58372.21610619450803
58372.21610952004994
58372.216280062057194
58372.216284761911083
58372.21636200035573
58372.216421088654897
58372.216478871079744
58372.21651770821336
58372.216522368136793
58372.21730713706347
58372.217410515338997
58372.21743365572911
58372.217501721352164
58372.217513048010005
58372.21752589382959
58372.21754673909163
58372.217599535862973
58372.217652790874126
58372.21767859801912
58372.217690217046766
58372.217826553998748
58372.21791135182866
58372.217987175237795
58372.218143533566035
58372.218197125905135
58372.21825898184761
58372.21828412186005
58372.21828427179571
58372.218298086023424
58372.218440626944357
58372.218548324293806
58372.21855722552573
58372.218600336665986
58372.21865637670271
58372.218819610941864
58372.218929831178684
58372.218939744547242
58372.218974392366363
58372.218984700397414
58372.2190129050432
58372.21901700712624
58372.219030772408587
58372.21906753761141
58372.219119044551917
58372.219230925526062
58372.21934743676684
58372.21942750344897
58372.21973062032339
58372.219836185817258
58372.21983941646613
58372.2199007767922
58372.219902247619757
58372.21992547372065
58372.220062235181103
58372.220237854831794
58372.220310409036756
58372.220326903065143
58372.22041422478651
58372.22043191679404
58372.220494247339957
58372.220511043538863
58372.22058740322973
58372.220660512095492
58372.220703573257197
58372.22072446710081
58372.22075849804969
58372.220776767950156
58372.220803383788734
58372.220844115501677
58372.220882074339897
58372.221064199395187
58372.221085191013117
58372.221113598563534
58372.22116814871697
58372.221171052318823
58372.22125554375816
58372.22136615303316
58372.22138554360572
58372.22144498173293
58372.22167940446525
58372.22181055656256
58372.22185327771149
58372.221945497076376
58372.221955236098438
58372.22195813599683
58372.221964458571165
58372.2220043580528
58372.222018544693128
58372.222033362064394
58372.2221442396185
58372.22225874254218
58372.222266868739098
58372.222525185658014
58372.222548867161095
58372.2225547136768
58372.22265208637691
58372.22265881536441
58372.222694655807572
58372.222720202196797
58372.222860600166314
58372.22290483834513
58372.222956807512674
58372.222998514800565
58372.22304269700544
58372.223054546804633
58372.223242625601415
58372.22326265458105
58372.223282090089924
58372.22334260470234
58372.223562796898477
58372.22360691556969
58372.22362770746986
58372.223634201807727
58372.22366175334173
58372.223664212142467
58372.2236857508542
58372.223706659278832
58372.22377626028174
58372.223794067853305
58372.223838901780255
58372.223909610853298
58372.223918424548174
58372.223945010970056
58372.223998330315226
58372.224207878629386
58372.22425400038628
58372.224281440088816
58372.224400111277646
58372.224539275099232
58372.22461606151046
58372.224641959277506
58372.22469139968598
58372.224707865076198
58372.22476313044899
58372.224765857004968
58372.22480136856757
58372.2248019196486
58372.22497684664995
58372.225127110774338
58372.225154866049706
58372.225166086827812
58372.2253558364755
58372.225553476862842
58372.225667641141627
58372.225668705796124
58372.22570047021145
58372.2257064671212
58372.225746395612077
58372.225817165694025
58372.225878718920285
58372.225933120571426
58372.226072255034524
58372.22630051829765
58372.226300621259725
58372.226575989101548
58372.22657730690844
58372.226654091056844
58372.226656433173048
58372.226814931396802
58372.22694317652349
58372.227013552146673
58372.227062389960338
58372.227068262356624
58372.227156312357693
58372.227171782367805
58372.22719544894062
58372.227228852600092
58372.227247036054905
58372.2272971754428
58372.22735893362551
58372.227361745666713
58372.227480629750062
58372.227520967790042
58372.227531095668382
58372.22758031903504
58372.227786656054377
58372.22779444027401
58372.227806549002707
58372.22781446191948
58372.227873351184826
58372.227876127130003
58372.227901072437817
58372.2280352264861
58372.2280516254541
58372.22805472609616
58372.228084586116893
58372.22809260215581
58372.22809665260138
58372.22818207745877
58372.22824420921097
58372.22824613128614
58372.22828311091871
58372.228320051734045
58372.2283845098209
58372.228538278854103
58372.228585354263487
58372.228632294900308
58372.22865682295378
58372.22883035556879
58372.22893833249691
58372.228954456375504
58372.229029479713063
58372.229043963488948
58372.229159209098725
58372.229235196085938
58372.229335072741378
58372.22938922316098
58372.229415646273992
58372.229493409773568
58372.229522027118946
58372.22953464636521
58372.229577760139364
58372.229630432935664
58372.229631409660215
58372.229676980809018
58372.22968240155751
58372.22969694987114
58372.22977172852552
58372.229815141567087
58372.229839150713815
58372.22989762979705
58372.22993490225781
58372.22993955745187
58372.229960882679734
58372.23004655828845
58372.230128373310436
58372.230211035515822
58372.230241216908325
58372.23029153612879
58372.230350370104134
58372.230362298832915
58372.230375791164988
58372.230390931043075
58372.230420308398607
58372.230467907953425
58372.230538905503636
58372.230618205132487
58372.23073402891896
58372.230736009863904
58373.20244893074414
58373.202535907097626
58373.202557753189467
58373.20264087850228
58373.20272275039315
58373.202792338874133
58373.202819708327297
58373.202948873658897
58373.202964450967556
58373.203078946855385
58373.203136393072782
58373.203181404969655
58373.203188541039708
58373.203238153655548
58373.203273109502334
58373.203358150247368
58373.20337163543445
58373.203468122817867
58373.20351349748671
58373.20357544971921
58373.20359622388787
58373.20359765977628
58373.203743659963948
58373.203788224032905
58373.203905398389907
58373.20392708939471
58373.20402700410341
58373.20411378963763
58373.204206551272364
58373.204271614697063
58373.204282992934168
58373.20432032852841
58373.20433886790852
58373.204359601426404
58373.204395630877116
58373.204411054903176
58373.204570434550988
58373.204572948503483
58373.20473755558487
58373.20473881961516
58373.204740082459466
58373.204771327335038
58373.204782981527387
58373.204794528071943
58373.204987547942437
58373.204993071354693
58373.205015170256956
58373.20503934750741
58373.205042908193718
58373.205194526824926
58373.20519479097129
58373.205467626976315
58373.205470079417864
58373.205484200989304
58373.205535629087535
58373.205626854971342
58373.20565134293429
58373.205835288485105
58373.205841185874306
58373.20596762043715
58373.205970201495802
58373.206236306177743
58373.206284870029776
58373.206685114564607
58373.206785873255285
58373.206856692595466
58373.206873551891476
58373.20709446935507
58373.207129346614238
58373.20714125106315
58373.20716093745432
58373.20717242793762
58373.20728815372422
58373.20737797569018
58373.20741839863331
58373.207474132592324
58373.20753576712741
58373.20757585024694
58373.207619361419347
58373.207653621830104
58373.207801021861087
58373.208044583690935
58373.208049635555653
58373.208109652608982
58373.20816423290671
58373.208188873039035
58373.20821377955872
58373.20822428680549
58373.208533840886957
58373.208675973743084
58373.208680127943808
58373.208763053655275
58373.208883927618444
58373.208960137351824
58373.20896671963419
58373.20909259423206
58373.20909852915065
58373.209152540264768
58373.20919287284778
58373.209213272428315
58373.209360795932298
58373.20948528093868
58373.209531459549908
58373.209898090157367
58373.209945805159805
58373.210077078772883
58373.210170099744573
58373.21017236156331
58373.210176979206153
58373.210308077359514
58373.210324041232525
58373.210500195782515
58373.210819651096244
58373.210910683177644
58373.210993431304814
58373.211024066535174
58373.211085323135194
58373.211102417197253
58373.211111803844688
58373.211266789170622
58373.211286163321347
58373.211298891525075
58373.211312603343686
58373.2113674602806
58373.211452911280503
58373.211580222014163
58373.211580654889985
58373.211593302381516
58373.21163499490649
58373.21175366926036
58373.211959009291604
58373.212089600136096
58373.212107152226963
58373.21213187770627
58373.212180533490027
58373.21222030212084
58373.21226610468875
58373.212389697764593
58373.21240203083289
58373.212422092692577
58373.212494827828777
58373.212502813556057
58373.212540444365004
58373.212565726083994
58373.21263095789618
58373.212765476637287
58373.212850073177833
58373.212871382609592
58373.212894249751116
58373.212933730617806
58373.213176474040665
58373.21317666163668
58373.213194064730487
58373.21328171607456
58373.21329635506845
58373.213297685237194
58373.213377574233164
58373.213618772562768
58373.213650952377066
58373.213683399102592
58373.213722999709717
58373.213729539063934
58373.213877724847407
58373.213942046219017
58373.21395951872546
58373.213969383177755
58373.213979136038688
58373.213981617009267
58373.21401957463968
58373.21402236384165
58373.21403634860326
58373.214065860331175
58373.21409343375126
58373.21410708649637
58373.21412264823448
58373.214124758895196
58373.21420809092524
58373.21422546212125
58373.21429752266704
58373.214341227670957
58373.214414986279735
58373.21455297974171
58373.214653544855537
58373.214669317145308
58373.214700788586924
58373.21471113820735
58373.214719482071814
58373.21472438350611
58373.21475078829826
58373.214899981183407
58373.21491334667371
58373.215035835244635
58373.215067595425353
58373.21510054190003
58373.21513388461608
58373.21515972965426
58373.215387753218238
58373.215402018606255
58373.21540744134836
58373.215707827126607
58373.215787511202507
58373.215801660800935
58373.215836067378405
58373.21584994457953
58373.21598102983262
58373.216018932755105
58373.216066565088113
58373.216072294206242
58373.216075177391758
58373.21665728966036
58373.216658766192268
58373.216832692596654
58373.216874499004916
58373.216900053121208
58373.216905863744614
58373.21695630501199
58373.217020889474952
58373.21717845353851
58373.217181566535146
58373.21742218068539
58373.217461668216856
58373.217467584712722
58373.21749846896273
58373.217542777034396
58373.217817713892146
58373.217935776199738
58373.21798379260872
58373.21798394706275
58373.218180366791785
58373.21819312452135
58373.21830133003823
58373.218321954198473
58373.21833005992812
58373.218350649098284
58373.21835709021252
58373.21838607920654
58373.218412641464965
58373.21848896704614
58373.218540914742334
58373.218623136679525
58373.218653545409325
58373.21867948056024
58373.218704153754516
58373.218745912956365
58373.21876738381252
58373.218769201375835
58373.21877613900142
58373.218831055281044
58373.218970904446905
58373.21905509136559
58373.21943859825842
58373.21951680258644
58373.21963093731756
58373.21969399072259
58373.219695247826166
58373.219766249749227
58373.219937797148305
58373.22035262396821
58373.220376152581593
58373.220390164970013
58373.22040115883283
58373.220425478881225
58373.220442049452686
58373.22046283218515
58373.220524197990017
58373.220525716184056
58373.220533953885024
58373.22055593449477
58373.220568436452595
58373.220618387887953
58373.220652105745103
58373.220672521478264
58373.220688166802574
58373.220948995600338
58373.22112450732675
58373.221131540347415
58373.221405916803633
58373.221435197374376
58373.22152778574673
58373.22158059650974
58373.22160230929876
58373.221607621831936
58373.221654779932578
58373.22177131537319
58373.221862294398306
58373.2219701660797
58373.221976195491152
58373.221977756227716
58373.22203112651914
58373.22225655247894
58373.2223776134706
58373.22239719956997
58373.22241269121878
58373.22264868527418
58373.222686000917747
58373.222816209185112
58373.222851373968297
58373.222860159112315
58373.22287288671214
58373.222914997335465
58373.22295234743069
58373.222972397619742
58373.222979005666275
58373.223028205509763
58373.22317048399418
58373.223255356380832
58373.22326160022203
58373.223265116728726
58373.223291475340375
58373.22338207106077
58373.223508707989822
58373.223516872101754
58373.223568179499125
58373.22358235083084
58373.223648239269096
58373.22375112840382
58373.22376687963697
58373.223779224339523
58373.223812134805485
58373.22382817194739
58373.223830327879114
58373.22384827377391
58373.223867454646097
58373.223976184068306
58373.223977292167547
58373.22402156911994
58373.224044954768033
58373.22406522136589
58373.224086716858437
58373.224129739224736
58373.22416987485485
58373.224263821299246
58373.224379439780023
58373.2244551664553
58373.22448059092858
58373.224551743565826
58373.224657045924687
58373.22484878452815
58373.224875035528385
58373.224899531509436
58373.224967547248525
58373.224970829018275
58373.2249810563153
58373.225001566555875
58373.22501858309988
58373.225031828173087
58373.22505731035926
58373.225065444450593
58373.225077085851808
58373.22507839535683
58373.225084672223602
58373.225130636543327
58373.22535975889332
58373.22540498728631
58373.22541237014957
58373.225423598159978
58373.225617820353364
58373.225776756138657
58373.225970349885756
58373.22605369597295
58373.226080541251577
58373.226086279195442
58373.22609796337929
58373.226187000618665
58373.226188916487445
58373.226357820545672
58373.22642919464124
58373.226512873297906
58373.226589382378734
58373.226652443932835
58373.226741813894478
58373.226788978681725
58373.22687194822356
58373.22688486014522
58373.226886988210026
58373.226897584288963
58373.2270515526252
58373.227065048333316
58373.227142769515922
58373.2271558117136
58373.22717842754355
58373.22718191342574
58373.227271841875336
58373.22727823308378
58373.22730371009675
58373.227344873856055
58373.22734818758181
58373.227350767338066
58373.227362073375843
58373.227453650681127
58373.227490307624976
58373.227496059022087
58373.22751809138572
58373.227595616517647
58373.22767092508002
58373.22768331298721
58373.227722853982414
58373.227769272431033
58373.22780266751215
58373.22780548409355
58373.227837004284083
58373.22784435997164
58373.227890710462816
58373.227893234950898
58373.22790563298622
58373.227905978979834
58373.227999677423213
58373.228022226401663
58373.228061561836512
58373.22810054392903
58373.22819162367523
58373.22833418445225
58373.228334400737367
58373.22848789814452
58373.22864851765189
58373.22867179732566
58373.228696228790795
58373.228801797195047
58373.228829253952426
58373.228831688255013
58373.228835218011227
58373.228889033773157
58373.22900543376454
58373.229229406890227
58373.229262822198507
58373.229294800832577
58373.22930221993738
58373.229398141804268
58373.229450129023462
58373.22953302656242
58373.229537698010972
58373.229635844290897
58373.229711196909193
58373.229796299187
58373.229908655921463
58373.22994890960399
58373.229949719796423
58373.229956008101
58373.23002749801526
58373.230155478326196
58373.230156073324906
58373.230238104872114
58409.12348470841971
58409.123565182366292
58409.12359981397458
58409.123658184238593
58409.12369588353613
58409.123720029499964
58409.12383186421357
58409.124047951634566
58409.124076816231536
58409.124170072558627
58409.12437124943972
58409.124494948679057
58409.1245310999293
58409.124544870239333
58409.124669145858206
58409.124692860874347
58409.124807097505254
58409.12482737638493
58409.124905647528067
58409.12498055746255
58409.12511994282977
58409.125132779321575
58409.125147241305967
58409.12515023938613
58409.125176989553438
58409.125211502505408
58409.125304001754557
58409.1253325153084
58409.12556745953043
58409.1256644742316
58409.125755998218665
58409.125776099899667
58409.125838354702864
58409.12584539616364
58409.126193264644826
58409.12638215035986
58409.126449126692023
58409.126459348597564
58409.12646114090603
58409.126522340688098
58409.126526613348688
58409.1266899741604
58409.12681041834003
58409.126879498369817
58409.127126845480234
58409.127166809004848
58409.127249540113553
58409.127313355216756
58409.127380984420597
58409.127424003425403
58409.127457038841385
58409.127475562985637
58409.127479331851646
58409.127610269235447
58409.12767655708012
58409.12782004530891
58409.127859989173885
58409.12789215453813
58409.12792141832324
58409.12794070524251
58409.1279769393077
58409.12799967191677
58409.128026328238775
58409.128036567803065
58409.128095958643826
58409.1281161419829
58409.12815699919156
58409.128190302522853
58409.12856490178092
58409.128567167361325
58409.128626861333032
58409.128662140021333
58409.128761758714973
58409.128763638538658
58409.128769899303734
58409.12878876349714
58409.128809505979007
58409.128926323093765
58409.128973962768214
58409.129036267440824
58409.129036765349156
58409.129251639453287
58409.12925961054134
58409.12932151674613
58409.129346439578512
58409.129395574433147
58409.129412630718434
58409.12941685507394
58409.12945390843379
58409.12949664189364
58409.129550595782348
58409.129563312410028
58409.129584500064084
58409.12968365238339
58409.129798225592822
58409.129909950766887
58409.129958469391568
58409.12999048380152
58409.13006546163524
58409.13013500336092
58409.130170170945348
58409.130203837405134
58409.130226686611422
58409.130270231667964
58409.13029030112375
58409.130304226120643
58409.1303495697357
58409.13042346365546
58409.130439208689495
58409.130509961236385
58409.130549558867642
58409.130600311305898
58409.13065797975287
58409.13067201191734
58409.130739884953073
58409.130888761130336
58409.13089897690952
58409.130927809805144
58409.13094712340535
58409.131124910200015
58409.131403964165656
58409.13143701421359
58409.131459596821514
58409.131469691667007
58409.131516806577565
58409.131540065587615
58409.131579892760783
58409.131599117557926
58409.131615744518058
58409.131693776726024
58409.13173679164902
58409.13181631835323
58409.131878532229166
58409.131900510146806
58409.13191274424753
58409.13207784993574
58409.132191323602456
58409.13227099602227
58409.132403627387248
58409.132585454222863
58409.132633957473445
58409.132741918154352
58409.132802493608324
58409.13286090226029
58409.132868561093346
58409.132910538064607
58409.132943134216475
58409.132943788201374
58409.13297734138905
58409.13305410893372
58409.13306548599212
58409.133156817384588
58409.133197549599572
58409.133199564472307
58409.133349613199243
58409.133424894454947
58409.1334598597241
58409.13347728086228
58409.13350682894088
58409.133516515648807
58409.133545566233806
58409.133596020423283
58409.133650422219944
58409.133688183064805
58409.134175378698274
58409.13421028466837
58409.13426651185
58409.13432483762881
58409.134382686112076
58409.13441822479217
58409.134442146794754
58409.134451444122533
58409.134505529276794
58409.134553023905028
58409.134572805895004
58409.134641521239246
58409.134990014717914
58409.135000291360484
58409.13500396082236
58409.135239729381283
58409.13525491306791
58409.135375116624346
58409.135413516225526
58409.13543156344531
58409.135448254804942
58409.135451729263877
58409.135467578016687
58409.135698289450374
58409.13582987146947
58409.135830889994395
58409.135847348181414
58409.136048767584725
58409.136052463989472
58409.13615196364117
58409.13616568258294
58409.136175180785358
58409.136196613610082
58409.136221923101402
58409.136325931998726
58409.136377419767086
58409.136616083160334
58409.13661957676959
58409.13666337140603
58409.136678089715133
58409.136760385750677
58409.136785837748903
58409.136835848192277
58409.13691445103177
58409.137004967538815
58409.137201744888443
58409.13723240906984
58409.137274790831725
58409.13729549510026
58409.137316886561166
58409.137318008361035
58409.137328431483184
58409.137403496999468
58409.13744056980795
58409.13751637160749
58409.137616943815374
58409.137626919604372
58409.13781219230441
58409.137834969820688
58409.13792949524941
58409.13793683716358
58409.137969718838576
58409.138036284275586
58409.138072799047222
58409.138124289471307
58409.13817276933696
58409.13818391672976
58409.138193557504565
58409.13835508753982
58409.138392004206253
58409.13865500191605
58409.138686173530004
58409.138705000332266
58409.13879019048909
58409.13879209964216
58409.138813785531966
58409.13883429188718
58409.138916167110438
58409.138978323921037
58409.139088675896346
58409.139236056224036
58409.139330783713376
58409.13935227980255
58409.13944779377198
58409.139554891247826
58409.139592252715374
58409.13986789384944
58409.139875756380206
58409.139926948082575
58409.139936662490072
58409.139956881277612
58409.1399649561572
58409.140061880418216
58409.14013236278697
58409.14016378670931
58409.14021834120649
58409.14022063655284
58409.140221334222588
58409.14023418002762
58409.140249360490998
58409.140425699857587
58409.140507642288867
58409.14062983362237
58409.14072774520173
58409.14077011396148
58409.140784533665283
58409.14088452365104
58409.140951509318256
58409.141015728819184
58409.141107876464957
58409.14111951889936
58409.141130544907355
58409.14136179250636
58409.141368488344597
58409.141383591719205
58409.141737856480177
58409.14204536613397
58409.142079587749322
58409.142098536096455
58409.142118420553743
58409.14213090002886
58409.142317987403658
58409.142334461706923
58409.142389238339092
58409.142522518071928
58409.142629376307013
58409.14264839320822
58409.142698489398754
58409.142810934943554
58409.1428431460954
58409.142975571790885
58409.142982866025704
58409.143016791771515
58409.143025712488452
58409.143041586648906
58409.14308981871727
58409.143118114552635
58409.143255622781
58409.143573021246993
58409.143725417241512
58409.143790477057337
58409.14388502550719
58409.14389246214705
58409.14391203827836
58409.143938690584037
58409.14401254260156
58409.14402211214474
58409.14424408157356
58409.144303674562252
58409.144327179274114
58409.144371063099243
58409.14484328206163
58409.144918794205296
58409.14511239915737
58409.145157404287602
58409.145162692657323
58409.14518715794111
58409.14523031603312
58409.145239245488483
58409.145290036176448
58409.145405259230756
58409.145504170825006
58409.145508172761765
58409.145513529219897
58409.145546243860736
58409.145614208915504
58409.14563878930494
58409.145682067151938
58409.14577159514738
58409.145848612584814
58409.145922207739204
58409.146017733830377
58409.14605015917914
58409.146155849732168
58409.14617303605337
58409.146225758049695
58409.14624700153945
58409.14642821441521
58409.146460091935296
58409.146499515787582
58409.14650823480042
58409.146546247051447
58409.146806682700117
58409.146943976425973
58409.14704171388439
58409.147089840698754
58409.147106260774308
58409.14717531567294
58409.147201813699212
58409.147216440142074
58409.147223090709304
58409.147233696821786
58409.147307355153316
58409.14731557268533
58409.147333849679853
58409.147333910084853
58409.147353268817824
58409.14736680223723
58409.147402366397728
58409.14742623523489
58409.147449784039054
58409.147586787534237
58409.147614303838054
58409.14767347279121
58409.147678088309476
58409.14776045452163
58409.147964339877944
58409.14799354341085
58409.148255176427483
58409.14828336595383
58409.14829968702543
58409.148306180664804
58409.148320890213654
58409.148385430868075
58409.14849880397378
58409.148541208669485
58409.148663526924793
58409.14871336100623
58409.148779591771017
58409.148917701131722
58409.148933016505907
58409.149004569087992
58409.149043069483014
58409.14907476969529
58409.149080784598482
58409.149084232441965
58409.149111391598126
58409.149303459103976
58409.14933493944409
58409.149336287366168
58409.14938077727129
58409.14941781759262
58409.149427780539554
58409.149478490922775
58409.149523415835574
58409.14955184104474
58409.149625697158626
58409.149633589484438
58409.149691671329492
58409.14974204144528
58409.149760129017523
58409.149764523594058
58409.1498742191543
58409.149937014459283
58409.150016001076438
58409.15008929825126
58409.15009005700267
58409.150128100212896
58409.150135862910247
58409.150143986676994
58409.150391221461177
58409.150463929930993
58409.15051487582241
58409.150709488079883
58409.15089054566488
58409.15089122486097
58409.150911587421433
58409.150931017036783
58409.151093776075868
58409.15123279674299
58409.151236430130666
58409.151533716649283
58409.15167222944001
58409.15170787709212
58409.15173147884343
58409.15180139747099
58409.15183696254826
58409.1518618049231
58409.151909973297734
58409.151941962452838
58409.151973938285664
58409.152004458497686
58409.1520389239231
58409.15206111384032
58409.152077537073637
58409.152153792565514
58409.152195849303098
58409.152261918854492
58409.152367906433938
58409.152527275327884
58409.152528050821275
58409.15256215766567
58409.152574455212743
58409.15258224534773
58409.152606482464762
58409.152674012220814
58409.152688803485944
58409.152703662250133
58409.15277082744433
58409.152800924013718
58409.152869726189238
58409.152910489443457
58409.15302607508056
58409.153064158119378
58409.15314553812641
58409.153155128631624
58409.153185521587147
58409.153248421353055
58409.15324849413446
58409.153288569461438
58409.15341012456338
58409.15355304827972
58409.153654020425165
58409.153849980175437
58409.15400272198167
58409.154005204880377
58409.154090441596054
58409.154151399692637
58409.154175492520153
58409.154318662840524
58409.15432483475888
58409.15450284020335
58409.1545992387546
58409.154612591788464
58409.1548067585245
58409.15494823965855
58409.155047552034375
58409.15582885069307
58409.15592865752842
58409.155958642026235
58409.155988688158686
58409.155989175051218
58409.15601218167285
58409.156061717025295
58409.15609783304535
58409.156129137489188
58409.15617999889946
58409.156310937338276
58409.156320890033385
58409.156363228990813
58409.156562816730002
58409.156632871592592
58409.156682298307715
58409.15672361088218
58409.156776766452822
58409.1567852604785
58409.157001311366912
58409.157002514250053
58409.157165207834623
58409.157181910260988
58409.157256653263175
58409.15730201727274
58409.157401389013103
58409.1574765032492
58409.157527353949263
58409.157713153901568
58409.157827978560817
58409.15785618504742
58409.15810197700921
58409.158189632515132
58409.1582900059002
58409.15839575611608
58409.158415601843444
58409.15844715518324
58409.15846694255015
58409.158559211391548
58409.158572993335838
58409.158587043508305
58409.158590536462725
58409.1586056996166
58409.158662968075078
58409.15867056298157
58409.158698679180816
58409.158705346751958
58409.15873358218232
58409.158799639662902
58409.15881472201727
58409.158922613743925
58409.158941245812457
58409.159133080916945
58409.159178148416686
58409.159214477302157
58409.159314165241085
58409.15932028485986
58409.159363251215836
58409.159386100982374
58409.1594620892065
58409.159481191425584
58409.159768382654875
58409.159768525314576
58409.159780568683345
58409.159823753710953
58409.15987271197082
58409.16050602109317
58409.160618134381366
58409.16068456433277
58409.160733305310714
58409.16075012255169
58409.160750129020016
58409.16092941899842
58409.161032938223798
58409.16107073591411
58409.161114307527896
58409.161206188960932
58409.16128672209743
58409.161323661523056
58409.16132634349924
58409.161328416652395
58409.161341950959468
58409.16137420153973
58409.16147761904722
58409.16150752620888
58409.161586391477613
58409.161627996552852
58409.16168869430112
58409.16181221970328
58409.161846237024292
58409.16188043369766
58409.161881089217786
58409.161910749615345
58409.161919569509337
58409.162045439268695
58409.16207254778419
58409.16215590054344
58409.16240997105342
58409.162455584679265
58409.16246141076408
58409.16256635136233
58409.16262855035893
58409.1626746457041
58409.162696616636822
58409.16272858688899
58409.16275508848048
58409.162775637647428
58409.162836210343812
58409.162949683312036
58409.163006872106052
58409.163034254401282
58409.163035173653043
58409.163088757457444
58409.16310584094026
58409.163412653702835
58409.163413650356233
58409.163423125864938
58409.163492102343298
58409.163505168893607
58409.163617676778813
58409.163714695401723
58409.163762946787756
58409.163765207704273
58409.163994575756078
58409.16408206838969
58409.164177841761557
58409.164180862026114
58409.164208196969412
58409.164242830418516
58409.164244808547664
58409.164307539962465
58409.164341599876934
58409.164368266756355
58409.164448610776162
58409.1644561807625
58409.164485771099862
58409.16461745632114
58409.164672200160567
58409.164745459485857
58409.164801636601624
58409.16485383742838
58409.164887862221804
58409.165001537912758
58409.165012175573793
58409.165031889620877
58409.16504161785997
58409.16510923574242
58409.16516276535549
58409.165189500570705
58409.1651991368999
58409.165281752488227
58409.165392230708676
58409.165443237230647
58409.165552281177952
58409.165581039786048
58409.165616204998514
58409.1656628855053
58409.165669206711755
58409.165748896579316
